2.577964787954039 5.283254337763174
2.0262716728276153 6.139286565009379
2.8935200187974277 5.5522980537583
2.006493988628971 4.731296239325537
3.067465451399544 5.662953560054664
3.531904335146184 5.1677703579373055
3.697090022996012 6.142067222391554
2.0121223068797476 5.489016842085255
2.87936035689869 5.629892978275296
2.515191170275505 5.545138167944579
2.966487537737822 5.72739762203325
3.0341868733856487 5.244850303951758
3.3509411990449927 6.615959070527948
2.454911740471711 5.540852642614678
3.1628571264915344 6.117646694396268
2.5261072728704663 5.895579724665978
2.4823981342913193 5.428154368542159
2.6759100316588422 5.324048833932863
2.578411942983182 5.813739872421707
3.29770267450684 5.792325915760083
1.9886402613770078 5.181852373052418
3.1914485739175573 5.328475859271222
3.0358827073896397 5.5020773835448225
2.284890696712557 5.229942752352769
2.0204821372420585 5.599183641253614
2.908943087278533 6.1036678531
2.5190744648234764 4.887394775401147
3.853994734097199 5.791552754961503
2.526850630583949 5.979460830141715
2.3842404030861277 5.911468423632411
3.220507528695296 5.654105230923654
2.0975363002077496 5.680890327179591
3.0897761948875 5.453528021150684
2.9437819368352747 5.395569917905829
3.485799736574385 5.726460496777598
3.4621432912937493 5.482134782639978
1.9614667287000631 5.251088242832133
2.3652026084890245 5.103968370978186
3.0487301873627577 5.324462744874613
3.8871606433011925 5.841867965170808
2.7862921013981463 5.763589512534827
2.6351814361970014 5.69596935506637
2.7289923115130876 4.59542586158842
3.0594609971192046 4.5612797021091325
2.6026842938099715 5.865090699339366
3.2341751519336577 5.150853578177741
2.6848671013586274 5.901952447797377
1.8650076661978219 5.185759541804201
3.5143627293831305 5.2525237417752
2.652317793123405 5.9416935088571465
2.831695170030643 5.653555875743836
1.630770205391411 5.913527776002881
2.9981597123078854 5.681112321850363
3.5324290764717 4.685784916982848
2.494817895489839 4.909807826024188
2.301753811274897 4.987180883918517
2.650927750616906 5.409569592696361
3.101922353787837 6.279246212434006
2.6425049094851243 6.18901862963101
2.959613684712447 5.1781265099198315
3.267353206368778 6.246825651769136
2.5555861753613947 6.695054882867074
2.9189508203826477 5.138246378580732
2.546747560029937 6.114883780592944
2.209021538313605 5.014456556484227
2.012877278934499 5.542229963173642
2.939461770315881 5.33349578186854
2.7816578317207625 5.418107791159018
3.0871886679625122 5.779582354088207
1.4721974337400832 6.716262860165008
3.8616806546766993 4.790075708115452
2.234933800790234 4.841911339013416
2.062606648728637 5.586918854940425
1.7304139856162273 5.984256073298756
2.9533104934216494 5.815418709377588
2.9421586082532163 5.268016790357358
2.6514639934223405 5.843681504182895
2.5495568595746625 6.102264635666529
2.425550661785078 5.614942840661599
1.9852042678678181 5.601479705464512
3.235227570287144 4.484171812507219
1.8311150381871868 5.935465246802402
2.5216498088464516 5.03497485679439
2.5159305482802212 5.087788299699051
2.796644948319757 5.650225285881396
3.00149797355219 5.856516026228693
3.023374176321344 6.9826133047481385
3.145333479263137 5.879977600864958
2.8861910907452812 5.614609387220628
2.1445097555774075 6.418332057489263
3.0318730867584085 5.301506657596005
3.2782465642310985 5.27060457592664
2.211318441075323 5.749729567837711
3.014742474068636 6.19112059218848
2.4342392728675715 5.074333538317575
2.788953575128242 5.274315610668484
3.047682493694353 5.0579849248893325
2.6448845832546133 6.338035906041581
3.2107630346052134 5.551977111268616
2.9918549242875954 5.363972914272455
3.252181270328958 6.402610487669346
2.7068334672949415 6.209325943677668
3.0590489928215328 6.531584655051955
3.516351840827345 4.876067108138229
2.7877201476956177 5.407222007417263
2.7447847016582476 5.783737262987121
3.272530809044928 6.467460313013949
2.0704858607435703 6.141444747061292
3.010870611678361 5.65356661041158
2.0361992673320355 6.044505178404239
2.817977484376182 6.010407678481519
2.8982549262272483 5.768929630340188
2.8916570638363472 1.2785566764989769
1.8949276708404705 2.825127512447318
3.461762372515303 1.7646308586495474
1.859195850693211 0.28134854514712115
3.7760249955175538 1.964549241892651
4.615114471148205 1.0699148175440947
4.913551094459039 2.8301512527635806
1.8693643847565706 1.65030236338735
3.436180485008656 1.904819561196003
2.77824562524962 1.7516952818852893
3.593590863514703 2.08097862811652
3.715901466776481 1.2091731220192838
4.288173148417654 3.6863191497119443
2.669340370079443 1.7439527363583944
3.9483666177063883 2.786031329244502
2.7979674597533246 2.3848287949460913
2.718999312481118 1.5403437384787608
3.0686121510542663 1.3522590162417303
2.892464927027953 2.2369708934901142
4.191988510995182 2.19828286306202
1.826939992792056 1.0953564226557133
4.000022031298569 1.3602572060999982
3.7189652853217465 1.6738984990001888
2.3621678368428207 1.1822400419265389
1.8844678696725734 1.849337812358313
3.4896268233554832 2.7607761255488357
2.7852614710368875 0.5633676511396519
5.197026695596896 2.196886013849428
2.7993104645185167 2.5363745747506763
2.5416603297033773 2.4135344880970346
4.052522078086488 1.9485631991417667
2.023679592593928 1.9969551257410278
3.8163332270403294 1.5861856470854834
3.5525692535205002 1.4814742713540698
4.531818509518781 2.0792855486460384
4.489079034077611 1.6378687281916655
1.777846288361037 1.2204430415874419
2.5072652485749813 0.9546454513147902
3.7421764883692923 1.3530068182178898
5.25694666857223 2.2877891764145213
3.2680365236851863 2.146365561652466
2.9950288723813894 2.0241980075179984
3.164514505329315 3.587511904318452e-2
3.7615635591911687 -2.5815846237633e-2
2.9363171427668147 2.3297450774342896
4.077215012329371 1.039351717953244
3.0847946525213055 2.3963422256638816
1.6035762455043698 1.1024154013370118
4.583422514904788 1.2230365196478692
3.025988676245357 2.468141351991639
3.3500650496852766 1.9475706936347983
1.1803856061342046 2.4172550656824785
3.6508121455436515 1.9973561976547072
4.616062507454117 0.19912444002543084
2.7414377673052606 0.6038607182636995
2.3926339809379664 0.7436485802376107
3.0234773231293692 1.5067671143740675
3.838277371812174 3.077988914187846
3.008259998318895 2.914977121267235
3.5811720546413035 1.0886250040523144
4.137156927773293 3.019415542749855
2.8512262149930643 3.829219466681148
3.507707530670171 1.0165746231206838
2.8352577219075035 2.781039645783931
2.22509703040224 0.7929268181103892
1.8707283728456532 1.746441105067477
3.5447641226706628 1.3693265677906263
3.259663910948376 1.522192852230182
3.811658410424732 2.175259406467127
0.8938963640172668 3.8675353596282545
5.210912645491456 0.3875438603345642
2.2719120312448036 0.4811939268369283
1.960573112991849 1.8271793465700144
1.3604093944617721 2.5450380140254065
3.5697842452651187 2.240004003917078
3.5496364286077644 1.2510274016899823
3.0244461388555486 2.2910656494919097
2.8403332092630347 2.7582409696399477
2.616294483997784 1.8778095420742482
1.8207322739881562 1.8534860509794955
4.079116388797352 -0.1651246356549101
1.5423433288377664 2.456888915288995
2.789914277124901 0.8299966898429181
2.7795814399800007 0.9254133434952343
3.286740739027065 1.9415534048180856
3.656843294043548 2.3142534417941008
3.6963664523163438 4.348743679388941
3.916707106673644 2.3566408495843425
3.448521391599577 1.8772071005416302
2.108545294872611 3.329271640245568
3.7117212095333523 1.3115326610979046
4.1568376699687235 1.2557026855914022
2.229246784011061 2.1213251653050387
3.680771783630128 2.918774681553133
2.6319919683650603 0.9011049811521759
3.2728449380422613 1.2624073141325378
3.7402836478651733 0.8715683726793271
3.0125592921232904 3.1842027022835397
4.034916957752088 1.7640510203224795
3.639421451398427 1.4243887986728216
4.109746191287889 3.300867894913424
3.12448070620898 2.9516658096850046
3.7608192018985527 3.5338821197473855
4.587016190062286 0.5429022536107366
3.2706165372474776 1.5025257939985102
3.1930461998742654 2.18276597073487
4.146511165901478 3.418030363103376
1.9748082774222226 2.829026643010303
3.6737765920204994 1.9475900876757442
1.9128635938617908 2.6538884823633566
3.325281668996275 2.5922854290193573
3.470316804823807 2.15601341157614
2.1143042916525174 1.7807422197253393
3.5627357325131914 1.8178503196379145
3.3176532236426106 1.9823662322647497
2.8195879900204925 2.692208826316472
4.144171481179515 1.6491395366018728
7.015319561558733 -2.8330081690515208e-2
6.124328320208749 1.354172610254273
7.524945183366977 0.406178865257241
6.092387114288243 -0.9197492743832334
7.805869220067715 0.584888883950541
8.555943792714489 -0.21483814517705857
8.822720732710998 1.35866340650455
6.101476918252578 0.3039789214899939
7.502077153322119 0.53149563326152
6.91393938840466 0.39461556063338327
7.642788633822277 0.6889668454215248
7.752123902749104 -9.035307385825175e-2
8.263686077596114 2.124004634190391
6.816587359684048 0.38769438393417716
7.959927961556976 1.319223950117722
6.931569029839571 0.960583032553471
6.860978227501848 0.20568526988013675
7.173502348111853 3.755353691173635e-2
7.016041722491266 0.828410653483067
8.177705198434662 0.7938268471874539
6.063553122761441 -0.19209551565330885
8.006103504690712 4.4703237884185065e-2
7.754862695753604 0.32507185835779717
6.542001259765302 -0.11442895506918382
6.1149781482439725 0.4818996720943892
7.549853630753089 1.2966479475943957
6.920210957389225 -0.6676481975027435
9.07612379228275 0.7925781828833289
6.932769561790657 1.0960520609761104
6.702452270993273 0.9862434789635994
8.05303407801102 0.5705987223731116
6.23942157961841 0.6138569859047974
7.841901348239587 0.24666403436965278
7.6061188060157034 0.1530609769079142
8.481484292700578 0.6874533764802965
8.443278839399442 0.29286430990600354
6.019667529579538 -8.027872499635436e-2
6.6717059959799405 -0.3178791475072654
7.775611535671326 3.822200822973332e-2
9.12968714807231 0.8738378730516582
7.35177076336526 0.7474171986354008
7.107725159972264 0.6382098034528539
7.25923089016586 -1.1391816240056194
7.792941926867881 -1.194328096179398
7.0552418709083575 0.9113428775135012
8.075107459500765 -0.2421589548524965
7.187968127060066 0.970875059656843
5.863884944149532 -0.18578538953270884
8.527613881273572 -7.796037635256803e-2
7.135400589502637 1.0350573674568873
7.425097283803523 0.5697115069263566
5.485588532154711 0.9895693586503918
7.693939589603132 0.614215510058646
8.556791256480466 -0.9932506259096145
6.88103629627982 -0.6314508420354983
6.569235399479885 -0.5064923913857837
7.133155653569167 0.1756706257835458
7.861517545903691 1.5802091812729242
7.119552660401525 1.4344905130469714
7.631687275708476 -0.1981128309443343
8.128690429989623 1.5278495726426158
6.979177823938821 2.25174535469127
7.566016244164516 -0.2625197389748658
6.964903350268462 1.3147618099679348
6.419471625501931 -0.4624418410133935
6.102696207509239 0.389918773764177
7.599141683364697 5.2810475302654813e-2
7.34428636020816 0.18945992247504578
7.837722460079286 0.7732458366184839
5.229491534051794 2.285996501753125
9.088536649594696 -0.8248197013523675
6.461320251626161 -0.7411045128650997
6.183009758122026 0.4620918896833722
5.646514476309314 1.1037964383045957
7.621507543392319 0.8311219960435081
7.603497110169244 -5.293891023304087e-2
7.134021692368236 0.8767667611079213
6.969440403967429 1.2943817339900325
6.7691688524939 0.5073509751072696
6.058003950516792 0.48560784434703447
8.076807128228692 -1.318858296739438
5.809147928450345 1.0249986467887169
6.9243701700112785 -0.4293045308630674
6.915133493076599 -0.34401016382568406
7.368490739883507 0.564332562881926
7.699330923024671 0.8974946738118866
7.734661262532072 2.7161557818791078
7.931627053372847 0.9353854085991085
7.513108873425987 0.5068124436535368
6.315284294165281 1.8048345505991243
7.7483871085736835 1.147641810970823e-3
8.146283338398485 -4.875960435898696e-2
6.423181152024577 0.7250332155982095
7.720720956056901 1.4378852087156357
6.783201067436847 -0.3657397707695784
7.356069076535355 -4.276623710340566e-2
7.773919497368559 -0.39214298475466136
7.123395863130997 1.6751552675114563
8.037296598880687 0.40566053914541284
7.683757278548988 0.10203142312457758
8.104187564619075 1.7794440198389054
7.223444081203629 1.4672870777580782
7.79227653480378 1.9877389039829256
8.530826320991 -0.6859425209942998
7.354077075893735 0.17187924636508367
7.284735796632011 0.7799560661574031
8.137052322696192 1.884177294191762
6.195734783505813 1.3576581011055637
7.714467850149179 0.5697288435482509
6.140361508785129 1.2010994922603428
7.40294305088924 1.1460316058755113
7.532592117745715 0.7560415552965555
6.32043234711317 0.4205810507507485
7.615206772921776 0.45375253364026874
7.396123870033338 0.6008157568613941
6.950895943680737 1.235354618142726
8.134960843695534 0.3029394533170396
7.511024637179328 2.1683565720106137
6.973699350202463 1.6850467500542783
6.562890234889589 1.3477412122560006
7.99706413082397 0.4453647838555729
7.368798052315015 1.3600863117210955
7.4668695956697455 0.6724391060964708
7.155000476492379 0.9917709652873028
7.946484394519246 0.8796006117792311
7.5354545932844585 -0.3789566998905227
5.729807426635658 5.490516550332358e-2
4.1451111345797225 5.890107402680318
3.538680145210051 6.831073414884909
4.491975116736323 6.185845091625791
3.5169401592157064 5.283385138891626
4.683179063091652 6.307479613287581
5.193698632848616 5.763165336118366
5.375273710307259 6.834129963464429
3.523126907811479 6.116285246213178
4.476410561843474 6.271138827499445
4.0761092456103745 6.177974816433406
4.572182325218042 6.378317684659414
4.646598651923828 5.8478929983647845
4.994780700657027 7.355040401604879
4.009849012788406 6.173264089954274
4.7880353071113175 6.8072864801091635
4.0881084218103645 6.563186475110904
4.0400625509697 6.049384121232188
4.2527743071214825 5.934949446190961
4.145602655425805 6.473226638372707
4.936259957470201 6.449688032273459
3.497315021282159 5.778644540270877
4.819463540081202 5.939815712022991
4.648462743145288 6.130641628161528
3.822958825193984 5.831506349669371
3.5323161836218486 6.237382572214878
4.508928430855478 6.791920686472977
4.080377832783519 5.45497145576962
5.547746189265149 6.448838160025339
4.088925533971606 6.655390094094651
3.9321658083478424 6.580651618629694
4.851405665535992 6.297753370849415
3.6170155046775916 6.327196030142212
4.707703433391023 6.077275296295673
4.5472239205506035 6.013566707355401
5.143019629323294 6.377287579732659
5.117016039423104 6.108720362759188
3.4674453856928653 5.854749852915138
3.91123912230375 5.693033045149857
4.662584924077742 5.935404424538587
5.584202752851798 6.504145543552464
4.374108262404464 6.418100461283336
4.208004702853535 6.343771168655618
4.311123303343107 5.134033977280213
4.6743804230588175 5.096499904970006
4.17228325977383 6.529672390401877
4.866429362688479 5.74457010771101
4.262620079147565 6.570191486932862
3.36141585024452 5.782939370398012
5.174416584466367 5.856327779157852
4.226841294429795 6.613875575634157
4.424016131609819 6.297149509760563
3.1039378226789234 6.582915295774185
4.606996948843734 6.3274400506748965
5.19427543794636 5.233358275262063
4.053714575736453 5.479608283910947
3.841495063851867 5.564658140004697
4.225313334719279 6.0289554015429845
4.7210547095933455 6.984919575245452
4.216054796338427 6.885739794299452
4.5646264624083255 5.774549004539508
4.902899276531505 6.949282312171376
4.120512161340464 7.441983940352545
4.519929110982299 5.730712047287248
4.110796596485381 6.804249435590474
3.739562082459616 5.594640049595785
3.523956786665422 6.17477806547137
4.542475115853272 5.945333701179975
4.369014189869559 6.038340742775596
4.704859177281752 6.435680080205762
2.9296317815792996 7.465296130232543
5.556194691328067 5.347996587603877
3.7680453071721582 5.4049752448830235
3.5786202038771426 6.223900898627905
3.213468057096335 6.66066111157205
4.55769788123546 6.475072046133346
4.545439528592287 5.873358016662044
4.225902782450501 6.506139018234686
4.113884629044847 6.7903782446459005
3.9775747873019855 6.25470536749114
3.4935381154515177 6.239906447269495
4.867586199860879 5.011741526629938
3.324160464282131 6.607029358024487
4.083208697227898 5.61719413413321
4.076921983204201 5.675247619947244
4.385488297843236 6.293488465513162
4.610666425611981 6.520246955580499
4.634713140941951 7.758073326827766
4.768772999073185 6.546036340165407
4.483919027276762 6.254338829474674
3.6686495712136695 7.137805236334131
4.64405529607059 5.910170680743845
4.914873451312516 5.876202557077773
3.7420868792643667 6.402865360926221
4.625225018662494 6.888050309327454
3.9871254647901346 5.660457904374245
4.3770338021711765 5.880281793175483
4.661433280364115 5.642487214611624
4.218670576522809 7.049542263261073
4.840694342465373 6.185492305871875
4.600066612517107 5.978834712974587
4.886222011706162 7.120523804177502
4.2867659034516485 6.908061958943348
4.673927540528636 7.2622945274011235
5.1766030515220685 5.4425198802883346
4.375677996565172 6.026374893604062
4.328482582474308 6.440247230755995
4.908590590465595 7.191807897935254
3.58728117536049 6.833445727391802
4.620968997922595 6.2971613095003125
3.5495927355475194 6.726888010940521
4.408937404949634 6.689407426089595
4.497179812097769 6.423970414768823
3.672153465188862 6.195647580351359
4.553409418798441 6.2182249237123015
4.40429609940002 6.318319842516165
4.101262804186113 6.75020290890558
4.907167077393016 6.115577758099617
4.4825004438042395 7.385227443053264
4.116783374688037 7.0562746544074635
3.8371763856633176 6.826696044075727
4.813311115474889 6.212516010802213
4.3856974623930505 6.835098428448374
4.452447414924018 6.367068490676597
4.240181469177994 6.5844137644785485
4.778885278153687 6.508067808088697
4.499128084754609 5.651462130867988
3.270159328491317 5.946759399875835
4.468179624664535 6.582511900719205
3.889661695251469 5.928920067011948
4.457124439540711 7.0556284205997475
4.591264042654204 5.883472984131659
3.8356984218847527 5.79552344695831
4.291706529880511 6.694887566907334
3.9586007640249425 7.015279505523834
3.617261222250823 6.574697118243567
4.268871770057044 6.362961260768391
4.515889276254159 6.525993194036888
4.4102414390337605 6.044044813825071
4.075521480106496 6.657216892415681
5.728949767383034 6.783764561837523
4.35505579473195 6.527296704178235
4.859201091082656 6.547114260393203
4.72196587957476 6.689203776360501
4.104375912426649 6.439909618702715
3.265692003786514 6.255683021460017
3.321358640380641 5.633119061896526
4.717411682133924 6.264705617750641
4.2585037283375415 5.81265673581362
3.554854136824302 7.084695625031266
4.886219025623879 6.032616356523334
4.11883281666855 6.497649215014585
5.512626113841326 6.607818633778248
4.040450959610042 6.085342048811185
4.996508911003655 6.525704067335694
3.646542055768028 6.3750973218055
4.842926971296368 6.253372446826857
4.095906423061546 6.777295225700875
4.649084915449093 5.464223345255696
4.3771281027828675 6.387467899934936
3.0005267658857124 6.357062897472187
3.302123812425654 7.160153076493199
3.9527153737970053 6.492904578767235
4.204525381037969 6.62787456226749
3.6503514418070115 6.076815211263962
4.07359005469606 6.295389573145244
4.584832157280008 6.431729441503819
3.700003049411307 7.105882665288598
3.982211457826991 7.293218727388956
3.9173796553281908 5.678319349238531
